[gd_scene load_steps=40 format=3 uid="uid://b4b4imkar1fqy"]

[ext_resource type="Texture2D" uid="uid://m48v46njfaxb" path="res://Assets/CaveAssets/LargeCaveRock_Floor-Base-Diffuse.png" id="1_3usej"]
[ext_resource type="PackedScene" uid="uid://ckllqa3h6ybt6" path="res://Scenes/vine_path.tscn" id="2_3usej"]
[ext_resource type="Texture2D" uid="uid://185t565vb5js" path="res://Assets/CaveAssets/LargeCaveRock_Floor-Base-Height.png" id="2_rfl45"]
[ext_resource type="PackedScene" uid="uid://w347s4jd0hb8" path="res://Scenes/CaveModels/large_cave_rock_tower.tscn" id="2_yfbkh"]
[ext_resource type="Texture2D" uid="uid://dfo17jeb8l54" path="res://Assets/CaveAssets/LargeCaveRock_Floor-Base-Specular.png" id="3_i8nqp"]
[ext_resource type="Texture2D" uid="uid://6od8kd0cj4gs" path="res://Assets/CaveAssets/LargeCaveRock_Floor-Base-Normal.png" id="3_t82ut"]
[ext_resource type="PackedScene" uid="uid://c4jihvarrmogs" path="res://Scenes/CaveModels/cave_walls_1.tscn" id="3_yfbkh"]
[ext_resource type="PackedScene" uid="uid://df00vyu3leo40" path="res://Scenes/CaveModels/cave_walls_tall.tscn" id="4_g4geh"]
[ext_resource type="PackedScene" uid="uid://bedi7m2g77svs" path="res://Scenes/CaveModels/rock_flat_long_1.tscn" id="5_mp6fm"]
[ext_resource type="PackedScene" uid="uid://ddc4xulsj2koy" path="res://Scenes/CaveModels/rock_flat_long_2.tscn" id="6_yxobr"]
[ext_resource type="PackedScene" uid="uid://bjcbdiscv1qjh" path="res://Scenes/CaveModels/stalag_short_1.tscn" id="7_nchf3"]
[ext_resource type="PackedScene" uid="uid://btu8soe4ii7qe" path="res://Scenes/CaveModels/cave_walls_3.tscn" id="7_wuac0"]
[ext_resource type="PackedScene" uid="uid://b3nyecty5inwy" path="res://Scenes/CaveModels/stalag_short_2.tscn" id="8_h3csq"]
[ext_resource type="PackedScene" uid="uid://h66ptsygp5wf" path="res://Scenes/CaveModels/dirt_mound.tscn" id="9_yo02b"]
[ext_resource type="PackedScene" uid="uid://bem2ix6vkddgi" path="res://Scenes/sunlight.tscn" id="10_rfl45"]
[ext_resource type="AudioStream" uid="uid://cu85wp0n2myjx" path="res://Audio/01 Lower Cave 01.wav" id="11_t82ut"]
[ext_resource type="PackedScene" uid="uid://073e74duya5i" path="res://Scenes/standing_water.tscn" id="12_826tw"]
[ext_resource type="AudioStream" uid="uid://blfe78ikqp8dr" path="res://Audio/Ambience_03_Cave-Wind-Water.wav" id="12_i8nqp"]
[ext_resource type="Texture2D" uid="uid://clwljwbodeigm" path="res://Textures/star_05.png" id="13_826tw"]
[ext_resource type="PackedScene" uid="uid://cnntxl1s6mb4n" path="res://Scenes/CaveModels/cave_walls_2.tscn" id="13_ehcl6"]
[ext_resource type="PackedScene" uid="uid://jigbrgch1yyg" path="res://Scenes/CaveModels/stalag_medium_1.tscn" id="14_k6l6x"]
[ext_resource type="PackedScene" uid="uid://c41bkif30usa2" path="res://Scenes/CaveModels/cave_obelisk_7.tscn" id="15_mceht"]
[ext_resource type="PackedScene" uid="uid://cx2jwyq3aqoqa" path="res://Scenes/CaveModels/stalag_short_3.tscn" id="16_s2jap"]
[ext_resource type="PackedScene" uid="uid://dysllvvq41bot" path="res://Scenes/nutrient.tscn" id="23_yo02b"]

[sub_resource type="ProceduralSkyMaterial" id="ProceduralSkyMaterial_yfbkh"]
sky_horizon_color = Color(0.662243, 0.671743, 0.686743, 1)
ground_horizon_color = Color(0.662243, 0.671743, 0.686743, 1)

[sub_resource type="Sky" id="Sky_50ct6"]
sky_material = SubResource("ProceduralSkyMaterial_yfbkh")

[sub_resource type="Environment" id="Environment_g4geh"]
background_mode = 2
sky = SubResource("Sky_50ct6")
tonemap_mode = 2

[sub_resource type="BoxShape3D" id="BoxShape3D_mp6fm"]
size = Vector3(200, 2, 200)

[sub_resource type="StandardMaterial3D" id="StandardMaterial3D_ak5v8"]
albedo_texture = ExtResource("1_3usej")
metallic = 1.0
metallic_texture = ExtResource("3_i8nqp")
normal_enabled = true
normal_texture = ExtResource("3_t82ut")
heightmap_enabled = true
heightmap_texture = ExtResource("2_rfl45")
uv1_scale = Vector3(0.1, 0.1, 0.1)
uv1_triplanar = true

[sub_resource type="BoxMesh" id="BoxMesh_yxobr"]
material = SubResource("StandardMaterial3D_ak5v8")
size = Vector3(200, 2, 200)

[sub_resource type="Curve" id="Curve_ehcl6"]
_data = [Vector2(0, 0), 0.0, 0.0, 0, 0, Vector2(0.492647, 0.674157), 0.0, 0.0, 0, 0, Vector2(1, 0), 0.0, 0.0, 0, 0]
point_count = 3

[sub_resource type="CurveTexture" id="CurveTexture_7wtyv"]
curve = SubResource("Curve_ehcl6")

[sub_resource type="CurveXYZTexture" id="CurveXYZTexture_yo02b"]

[sub_resource type="Curve" id="Curve_826tw"]
_limits = [-1.0, 1.0, 0.0, 1.0]
_data = [Vector2(0, -1), 0.0, 0.0, 0, 0, Vector2(1, 1), 0.0, 0.0, 0, 0]
point_count = 2

[sub_resource type="CurveTexture" id="CurveTexture_5bd7j"]
curve = SubResource("Curve_826tw")

[sub_resource type="Curve" id="Curve_gcsno"]
_data = [Vector2(0, 0.494382), 0.0, 0.0, 0, 0, Vector2(0.492647, 1), 0.0, 0.0, 0, 0, Vector2(1, 0.494382), 0.0, 0.0, 0, 0]
point_count = 3

[sub_resource type="CurveTexture" id="CurveTexture_wlsau"]
curve = SubResource("Curve_gcsno")

[sub_resource type="ParticleProcessMaterial" id="ParticleProcessMaterial_mceht"]
lifetime_randomness = 0.5
emission_shape = 3
emission_box_extents = Vector3(50, 50, 50)
directional_velocity_min = -1.00002
directional_velocity_max = 0.999984
directional_velocity_curve = SubResource("CurveXYZTexture_yo02b")
gravity = Vector3(0, 0, 0)
radial_accel_min = -2.0
radial_accel_max = 0.999998
damping_min = 1.0
damping_max = 2.0
scale_max = 2.0
scale_curve = SubResource("CurveTexture_wlsau")
alpha_curve = SubResource("CurveTexture_7wtyv")
hue_variation_min = -0.1
hue_variation_max = 0.1
hue_variation_curve = SubResource("CurveTexture_5bd7j")
turbulence_enabled = true
turbulence_noise_scale = 2.933
turbulence_noise_speed = Vector3(1, 1, 1)
turbulence_influence_min = 0.0
turbulence_influence_max = 1.0
turbulence_initial_displacement_min = 1.49012e-06
turbulence_initial_displacement_max = 1.49012e-06

[sub_resource type="StandardMaterial3D" id="StandardMaterial3D_7r48e"]
transparency = 1
blend_mode = 1
shading_mode = 0
vertex_color_use_as_albedo = true
albedo_texture = ExtResource("13_826tw")
billboard_mode = 1
billboard_keep_scale = true

[sub_resource type="QuadMesh" id="QuadMesh_wuac0"]
material = SubResource("StandardMaterial3D_7r48e")

[node name="Cave" type="Node3D"]

[node name="WorldEnvironment" type="WorldEnvironment" parent="."]
environment = SubResource("Environment_g4geh")

[node name="DirectionalLight3D" type="DirectionalLight3D" parent="."]
transform = Transform3D(-0.866025, -0.433013, 0.25, 0, 0.5, 0.866025, -0.5, 0.75, -0.433013, 0, 0, 0)
light_color = Color(1, 0.776471, 0.737255, 1)
shadow_enabled = true
directional_shadow_mode = 0
directional_shadow_max_distance = 255.6

[node name="World" type="Node3D" parent="."]
transform = Transform3D(1, 0, 0, 0, 1, 0, 0, 0, 1, 0, -2, 0)

[node name="StandingWater" parent="World" instance=ExtResource("12_826tw")]
transform = Transform3D(90, 0, 0, 0, 1, 0, 0, 0, 90, 13.9037, 0.520246, -35.9502)

[node name="FloorCeiling" type="Node3D" parent="World"]

[node name="StaticBody3D" type="StaticBody3D" parent="World/FloorCeiling"]
transform = Transform3D(-0.169436, -2.5252e-10, 0.985541, -0.0293233, 0.999557, -0.00504131, -0.985105, -0.0297535, -0.169361, 5.50741, -0.176151, -28.1418)
collision_layer = 2
collision_mask = 2

[node name="CollisionShape3D" type="CollisionShape3D" parent="World/FloorCeiling/StaticBody3D"]
shape = SubResource("BoxShape3D_mp6fm")

[node name="MeshInstance3D" type="MeshInstance3D" parent="World/FloorCeiling/StaticBody3D"]
mesh = SubResource("BoxMesh_yxobr")

[node name="CaveWallsTall5" parent="World/FloorCeiling" instance=ExtResource("4_g4geh")]
transform = Transform3D(-0.986957, -0.160237, 0.0155243, -0.000788361, -0.0916199, -0.995794, 0.160985, -0.982817, 0.0902986, 15.7167, 37.1983, -48.4561)

[node name="CaveWallsTall6" parent="World/FloorCeiling" instance=ExtResource("4_g4geh")]
transform = Transform3D(-0.986957, -0.160237, 0.0155243, -0.0254297, 0.0599533, -0.997877, 0.158966, -0.985256, -0.0632461, 15.7167, 37.1983, -19.5698)

[node name="CaveWallsTall7" parent="World/FloorCeiling" instance=ExtResource("4_g4geh")]
transform = Transform3D(-0.995381, 0.0959324, 0.00364869, -0.0012692, 0.0248528, -0.999691, -0.0959939, -0.995077, -0.0246161, 5.44687, 34.9261, 16.3029)

[node name="CaveWalls3" parent="World/FloorCeiling" instance=ExtResource("7_wuac0")]
transform = Transform3D(0.957715, -0.262629, 0.117508, 0.222149, 0.934519, 0.278074, -0.182843, -0.240211, 0.953345, 35.5368, 41.3059, -3.20374)

[node name="CaveWalls4" parent="World/FloorCeiling" instance=ExtResource("7_wuac0")]
transform = Transform3D(0.96257, 0.020679, 0.270242, -0.0848792, 0.969929, 0.22811, -0.257398, -0.24251, 0.93538, -10.7187, 39.2143, 3.20108)

[node name="CaveObelisk7" parent="World/FloorCeiling" instance=ExtResource("15_mceht")]
transform = Transform3D(0.357729, 0.929702, 0.0876598, 0.005678, -0.0960355, 0.995362, 0.933808, -0.355572, -0.0396336, 9.10289, 34.6622, -0.934232)

[node name="DirtMound" parent="World/FloorCeiling" instance=ExtResource("9_yo02b")]
transform = Transform3D(0.303052, 0, 0.952974, 0, 1, 0, -0.952974, 0, 0.303052, 2.26436, -5.40286, -2.64089)

[node name="Walls" type="Node3D" parent="World"]

[node name="CaveWallsTall" parent="World/Walls" instance=ExtResource("4_g4geh")]
transform = Transform3D(0.221514, 0, 0.975157, 0, 1, 0, -0.975157, 0, 0.221514, -34.8611, 15.647, -34.1821)

[node name="CaveWallsTall4" parent="World/Walls" instance=ExtResource("4_g4geh")]
transform = Transform3D(0.469995, 0, 0.882669, 0, 1, 0, -0.882669, 0, 0.469995, 61.4826, 15.647, -45.248)

[node name="CaveWallsTall2" parent="World/Walls" instance=ExtResource("4_g4geh")]
transform = Transform3D(-0.977556, 0, -0.210677, 0, 1, 0, 0.210677, 0, -0.977556, 13.8618, 12.7784, 20.4526)

[node name="LargeCaveRockTower" parent="World/Walls" instance=ExtResource("2_yfbkh")]
transform = Transform3D(0.865029, 0, 0.501722, 0, 1, 0, -0.501722, 0, 0.865029, 33.8306, 41.5779, -90.5881)

[node name="Rocks" type="Node3D" parent="World"]

[node name="CaveWalls1" parent="World/Rocks" instance=ExtResource("3_yfbkh")]
transform = Transform3D(-0.790946, 0, 0.611886, 0, 1, 0, -0.611886, 0, -0.790946, -30.7966, 0.496494, 18.1039)

[node name="CaveWalls3" parent="World/Rocks" instance=ExtResource("3_yfbkh")]
transform = Transform3D(-0.320349, 0, -0.9473, 0, 1, 0, 0.9473, 0, -0.320349, -23.4294, -3.42537, -55.9897)

[node name="CaveWalls4" parent="World/Rocks" instance=ExtResource("3_yfbkh")]
transform = Transform3D(-0.0313759, 0, -0.999508, 0, 1, 0, 0.999508, 0, -0.0313759, -34.6622, -2.76031, -8.43247)

[node name="CaveWalls6" parent="World/Rocks" instance=ExtResource("3_yfbkh")]
transform = Transform3D(-0.919828, 0, -0.392321, 0, 1, 0, 0.392321, 0, -0.919828, 18.6038, -1.40986, 13.7165)

[node name="CaveWalls5" parent="World/Rocks" instance=ExtResource("3_yfbkh")]
transform = Transform3D(0.274312, 0, 0.961641, 0, 1, 0, -0.961641, 0, 0.274312, 54.1371, 5.19874, -39.388)

[node name="CaveWalls8" parent="World/Rocks" instance=ExtResource("3_yfbkh")]
transform = Transform3D(0.422481, 0.169361, 0.890408, 0.900861, 0.0297011, -0.433091, -0.0997947, 0.985107, -0.140022, 67.2398, 19.7434, -75.3224)

[node name="CaveWalls7" parent="World/Rocks" instance=ExtResource("3_yfbkh")]
transform = Transform3D(-0.448216, 0.00238805, 0.893922, -0.235964, 0.964213, -0.120888, -0.86222, -0.265117, -0.431613, -24.4533, 30.1272, -43.4609)

[node name="RockFlatLong2" parent="World/Rocks" instance=ExtResource("6_yxobr")]
transform = Transform3D(0.52795, 0, 0.849276, 0, 1, 0, -0.849276, 0, 0.52795, -20.952, 5.94574, -10.3393)

[node name="CaveWalls2" parent="World/Rocks" instance=ExtResource("13_ehcl6")]
transform = Transform3D(-0.462901, 0, 0.381736, 0, 0.6, 0, -0.381736, 0, -0.462901, 33.4719, -2.92532, -42.0157)

[node name="RockFlatLong3" parent="World/Rocks" instance=ExtResource("6_yxobr")]
transform = Transform3D(-0.99789, 0, 0.064933, 0, 1, 0, -0.064933, 0, -0.99789, 11.1283, 6.07097, -16.4579)

[node name="RockFlatLong1" parent="World/Rocks" instance=ExtResource("5_mp6fm")]
transform = Transform3D(-0.825301, -0.564694, 2.46836e-08, -1.86623e-16, -4.37114e-08, -1, 0.564693, -0.825301, 3.6075e-08, 13.0925, 17.7739, 11.0089)

[node name="Climbable" type="Node3D" parent="World"]

[node name="StalagmiteShort1" parent="World/Climbable" groups=["Climbable"] instance=ExtResource("7_nchf3")]
transform = Transform3D(-0.579256, 0, 0.156404, 0, 0.6, 0, -0.156404, 0, -0.579256, -4.67064, 5.20753, 1.70822)

[node name="StalagtiteShort2" parent="World/Climbable" groups=["Climbable"] instance=ExtResource("8_h3csq")]
transform = Transform3D(-0.0192966, 0, -0.59969, 0, 0.6, 0, 0.59969, 0, -0.0192966, -4.68111, 24.1405, -10.709)

[node name="StalagMedium1" parent="World/Climbable" groups=["Climbable"] instance=ExtResource("14_k6l6x")]
transform = Transform3D(0.6, 0, 0, 0, 0.6, 0, 0, 0, 0.6, -4.81917, 26.8082, 1.6546)

[node name="CaveObelisk7" parent="World/Climbable" groups=["Climbable"] instance=ExtResource("15_mceht")]
transform = Transform3D(-0.377918, -0.0384784, 0.925039, -0.620586, 0.751981, -0.222256, -0.68706, -0.65806, -0.308066, 5.58343, 19.1235, 7.54119)

[node name="CaveObelisk8" parent="World/Climbable" groups=["Climbable"] instance=ExtResource("15_mceht")]
transform = Transform3D(-0.0877523, -0.781812, 0.617308, -0.439314, 0.586553, 0.680411, -0.894038, -0.211484, -0.394932, 12.0889, 19.4862, 2.92301)

[node name="StalagShort3" parent="World/Climbable" groups=["Climbable"] instance=ExtResource("16_s2jap")]
transform = Transform3D(0.6, 0, 0, 0, -0.0876912, 0.593557, 0, -0.593557, -0.0876912, 12.8208, 19.0803, 1.27689)

[node name="StalagShort4" parent="World/Climbable" groups=["Climbable"] instance=ExtResource("16_s2jap")]
transform = Transform3D(0.0973838, -0.515055, 0.463934, -0.685784, -0.00327012, 0.140321, -0.10108, -0.474034, -0.505049, 3.65381, 18.1431, 9.01886)

[node name="Powerups" type="Node3D" parent="World"]

[node name="Sunlight2" parent="World/Powerups" instance=ExtResource("10_rfl45")]
transform = Transform3D(1, 0, 0, 0, 1, 0, 0, 0, 1, 12.7338, 20.477, -1.3219)

[node name="Nutrient" parent="World/Powerups" instance=ExtResource("23_yo02b")]
transform = Transform3D(-0.712332, 0, -0.701842, 0, 1, 0, 0.701842, 0, -0.712332, -2.0148, 2.48341, -2.78542)

[node name="VinePath" parent="." instance=ExtResource("2_3usej")]
transform = Transform3D(1, 0, 0, 0, 1, 0, 0, 0, 1, 0.817331, -0.045496, -0.211098)

[node name="BGMusic" type="AudioStreamPlayer" parent="."]
stream = ExtResource("11_t82ut")
volume_db = -20.0
autoplay = true

[node name="BGSFX" type="AudioStreamPlayer" parent="."]
stream = ExtResource("12_i8nqp")
volume_db = -5.0
autoplay = true
bus = &"SFX"

[node name="GPUParticles3D" type="GPUParticles3D" parent="."]
transform = Transform3D(1, 0, 0, 0, 1, 0, 0, 0, 1, 0, 7.63351, -20.5232)
amount = 500
lifetime = 5.0
speed_scale = 0.4
visibility_aabb = AABB(-40, -40, -40, 80, 80, 80)
process_material = SubResource("ParticleProcessMaterial_mceht")
draw_pass_1 = SubResource("QuadMesh_wuac0")
